SWden 0. 0.06236 6.729 9.112 11.31 13.85 31.13 
SWden_delta 0. -17.79 -4.574 -2.296 -0.2599 2.675 25.3 
SWvel 0. 246.8 329.1 372.5 420.6 502.3 793.3 
SWvel_delta 0. -84.22 -13.16 0.6923 9.534 22.23 85.54 
SWtemp 0. 1.376e+04 7.662e+04 1.174e+05 1.748e+05 2.63e+05 8.888e+05 
SWflux 0. 2.579e+10 2.739e+12 3.734e+12 4.577e+12 5.515e+12 1.106e+13 
SWmom 0. 1.067e+16 1.019e+18 1.413e+18 1.833e+18 2.425e+18 7.745e+18 
SWmom_delta 0. -3.556e+18 -8.33e+17 -3.66e+17 7.044e+15 5.116e+17 6.076e+18 
SWene 0. 4.412e+21 3.527e+23 5.215e+23 7.332e+23 1.125e+24 5.426e+24 
IMFmag 0. 0.0 3.855 6.221 8.321 11.71 68.9 
IMFmag_delta 0. -41.03 -2.611 -0.1445 0.5205 3.266 29.5 
IMFpress 0. 0.0 5.912e+06 1.54e+07 2.755e+07 5.452e+07 1.87e+09 
IMFx 0. -23.82 -4.876 -1.41 2.514 5.829 41.77 
coan 0. 0.0003334 0.59 1.088 1.852 2.48 3.173 
coan_delta 0. -2.52 -0.3956 -0.0934 0.1723 0.5142 2.677 
clan 0. -179.8 -104.7 -54.96 38.5 100.6 181.8 
angle_delta 0. 0.006378 0.7153 0.9639 1.161 1.446 3.083 
EUV 0. 0.004914 0.005222 0.00534 0.005592 0.005983 0.00629 0.006851 0.008153 0.008834 0.00954 0.0103 0.01254 
